10
100
3569104 89035456 26960080 61949728 99415008 8735543 42936128 70356725 19151849 44681443 45759454 97421391 76155590 96487155 95123303 64816166 3129870 24060438 77789090 31504311 4793346 43079156 48278967 77923519 88383456 81271482 39780923 34541771 19374813 42351841 94012306 48566790 20290799 76409706 45651482 69261594 99090854 97579043 86107699 26179721 50935545 44296201 21908096 5478909 53484984 77861822 35709129 24675270 82635958 56117781 87142821 99605477 55959756 83083897 72677505 38153858 32574616 95548799 99062668 72380228 42444974 96690439 45147560 9847921 12365713 50839641 23319070 24518456 25297688 36696347 48805168 798092 41349443 19800893 95333745 18146963 46131128 65299324 79783474 9368871 70462255 31508397 94511947 59341566 8281418 28989752 76698521 26558011 48045828 8561776 66938935 92763185 84984261 73404368 22812328 37365352 22065731 36922186 59309689 40458536 
100
76871889 44710779 8113770 55724984 2464506 48671511 12902386 90795283 48290822 94919510 39144594 59413004 54986575 70094759 38662364 87421692 59934244 45950816 11825423 78780480 33549327 7969206 68063716 31616159 77573749 31879076 58352338 41957314 72399327 85226072 2463456 27698206 89161087 25606147 9798033 15426492 70488868 55635263 75545515 3509759 64064406 92032307 12131713 76535783 31279101 43699392 38362444 67287580 1729085 88800681 96403374 32697551 58009743 4814558 74433654 1523207 39778556 3030265 35476163 66174275 45013638 68086734 6974828 27761139 39251001 29023736 63990027 7354410 69337611 63706090 63771831 90137254 84776690 52350048 34964191 79631489 28145256 35068816 13633461 44601831 86312267 75343122 57341259 2036140 57477512 86838511 39809199 4648904 2573827 97465038 66756972 32384003 78968092 23049148 59694788 61364816 38787136 82137769 31832459 99541255 
100
2905242 40340952 40436591 24254543 70734098 32401599 44176203 13896708 26431682 52905476 90031675 12327407 9789485 64231443 50987748 72225393 630611 7004474 4751040 97349373 1396488 29612414 17045608 38428907 13838833 69119616 89930356 36107204 30002979 59020688 56976665 30059659 9713218 93505029 62694865 29574171 72174866 76570195 69147043 80275778 51412628 83250596 10872965 25096113 38723038 15784891 91024142 56452239 83280448 65206877 32930361 26083077 86250638 20097507 11233029 19560204 12596913 62170379 6686674 79609378 67018436 35808244 97317717 75869918 94466592 48627412 26543034 40280526 79542154 90229739 62731931 62934682 52732878 14297582 21167858 84706101 36735801 34982030 8286717 92658660 30093923 40135527 3061156 18276614 38298394 85539686 70415523 86575417 97852863 6412114 4148494 80633770 97374428 78810201 83692923 84825659 38163 89295290 38783186 6080342 
100
67589466 27504767 68419556 10573339 43722796 91887061 42900384 68718220 53621325 87384928 96195585 59856602 17316150 9798293 42939919 9132163 1917609 16666372 56776276 59026402 41787068 6956367 62971635 24507849 98196863 87140267 76176410 63226958 62960775 82521975 18587613 85144632 42206347 23882793 75060096 25795214 9320875 90596860 90715509 19270039 75408806 51239290 57771797 40255481 7484706 31088969 5309411 6795295 37200249 5447811 79939687 36689438 7747493 95707736 2717411 59510070 8640300 75833018 37177716 44086687 82986466 16029563 55571493 97513104 84471837 6443639 93188846 48261392 48362356 36301139 61756686 36901562 62858961 97650506 36116894 42468038 68804753 16011335 79854679 89482327 52763768 19728754 98969660 6059855 60578484 31014689 31318391 52663187 26514356 96474372 30619167 80768943 6349967 14170141 10135490 71777461 65727732 93322259 74767234 44996265 
100
66184684 90632447 28584348 26479761 50448444 75735425 22538651 63562888 69448118 78487028 35976581 16892110 68049368 5045 1380326 47633212 42960874 4259076 68407329 62554921 47409397 16869281 28587784 71440302 30471880 23153166 61661862 962146 32450108 98525949 87540473 92593657 42226708 40279512 52725568 50172707 28704954 21014088 49031380 39355376 99441073 82784117 88345037 29790963 18143328 89593388 79479094 35474264 70107209 14008601 54199295 52153017 72306633 69944281 81846951 96098987 60033873 28039125 94809957 39064453 19364943 6952924 11879054 64569227 68768368 95548651 45281672 37372956 82910828 4349492 12611978 34159186 82413121 5382513 43431855 5004811 6847015 93914257 83163261 99836431 58393840 22912901 28845967 42683881 29230556 44611750 72360365 3435561 55243292 94231818 58180242 26509969 60246600 60592560 20432211 33469016 34862899 62757018 47889659 60059745 
100
74071349 42147018 7834114 44202159 37611299 40464367 10942141 33216418 9129169 69434576 72381285 75849732 87203762 39320361 25363690 31374536 96346922 88075824 79360221 98082383 28887857 43854483 97702162 74387279 82781591 44513066 29267688 79258203 50475692 75720067 78884148 24516324 71983297 57265290 26382991 37447489 93381940 45012331 51945078 70288596 6840966 39462394 78557684 29732384 30524976 89845676 83310461 26370979 74903237 44803772 7439055 52456965 38232867 16503880 75133543 79086453 20766558 56718232 32397191 4221989 81287277 72603069 7687287 65173239 93343143 20371301 82667957 86893150 87469152 22124172 77875323 57661319 34225530 14466723 58578391 24299436 65882906 11145285 57286852 97292833 78401845 11788611 46532766 82709756 64013283 47459206 52905421 68071769 76078949 87958797 2635839 31309133 53974836 80831091 14759739 47802051 78502583 57503495 19052440 88051109 
100
40435846 58428777 27706668 76763069 89333439 26021088 99007286 3013487 30106280 96156172 14356075 2592508 49270041 7493885 92921684 59720480 62776131 96262754 19887644 74595059 76373651 29553922 52274547 97557577 19094433 66586310 46631997 36111386 69718169 12791894 30753054 42716994 45454979 77473593 26216135 77186323 20717655 5679192 58947058 39476254 64976952 19032597 19899779 70261190 68185315 53659750 63315846 28625649 39934713 68202734 79742889 44364935 60390906 69186978 17971480 72555879 5993225 97579557 28246189 87385675 17887633 17916402 23010458 94423468 27654394 39397225 73018434 2868208 1196027 21560373 27992234 48102720 36251414 33316686 17507190 29186807 675870 69666670 33738492 69587252 59008490 38152010 92897215 47389252 58967041 20954536 57606278 2438211 94350777 27488243 60084083 15527997 80044859 10405701 17867297 65976051 45967911 36532783 2502977 91083775 
100
55354282 91497439 72231935 79629834 31145482 69628947 9452273 63467427 68200678 84405992 27022040 13057060 36315049 72184415 98536663 56228566 87162289 83695969 83839875 87995903 69676719 12857952 83809462 30723599 8525424 56120190 83142867 23507583 65185661 42290382 67515251 36987224 77395643 56600803 52953577 81999703 12446779 40124950 39334666 13270437 30613864 61418182 36835632 81861098 35624390 40845132 27097364 87599671 87586654 80243773 32082217 70422783 28683768 82928818 79850083 61117317 69539418 33023022 50189614 66013890 67731339 30103256 71305657 53593160 347386 34281745 47232567 77917653 7936747 74240464 95485625 95546685 52368614 94058777 31067557 10025681 31295737 95743061 89291939 21554289 10697798 72349270 27242386 6508224 21964166 18681810 27227497 19313807 71286992 83021298 91288226 83320861 87272937 70407515 34071379 17656007 22144066 59829296 75290771 38212649 
100
92784136 66522676 27460552 18525103 61580810 56643141 43969297 98546451 7643525 85079133 12675217 258123 18215340 41436802 77369132 13336320 57794396 95559429 50938255 16396990 9988719 43789903 82632713 93898222 81439288 20065253 68744231 53923875 52622475 3228546 35269912 57336140 82548711 25189512 88213588 49982602 58567446 52951438 42934957 28274782 45474605 2088798 5403074 79248893 29769075 64966642 41465152 48253562 12450765 8157641 54344808 93918265 328951 30376113 52335854 36164823 3061265 94249860 68188370 11274461 2615190 34098953 8019914 68142489 74856662 30534861 72373540 46373144 89591741 10356671 12290733 89709556 88624719 40786881 53476049 89480372 46105637 73885363 18095939 46770764 14116536 92890352 89728259 56678370 10797258 10268445 7871715 9249492 28706788 97198918 14202372 3977203 92024163 82305288 62325273 28119829 56010177 36413575 39349828 55141000 
100
57406056 88674181 8649352 56875553 8887204 36341754 17032561 35763618 28231324 15138202 9028390 31419844 79447861 87392069 91675128 42484609 10540708 79457296 3701757 69766965 34724807 96389194 27526018 28310384 95244927 91925471 30513034 10372577 44175994 12686292 88779936 19471823 72219155 40170948 21459057 69690369 86191302 62051456 41033826 41877502 22913814 52564313 78985516 55708133 40643069 97171728 76374004 42024225 20182298 3520463 96734531 80507815 57799247 97665602 12357544 45706827 86686426 38411440 60915875 22414216 54638182 11566699 52172668 98442552 59457116 86139417 43563149 88272619 79476692 27820152 985177 87267667 60931271 89758441 24757951 46287211 78643121 68622603 31442692 76889442 26582046 8015666 26725994 29545649 13722006 86882826 22620843 58616047 13445304 79160409 58546673 1661886 51797066 44853093 7668688 44934514 2745577 47358181 15139790 64202709 
