10
100
1967688942 402889332 1964982407 1790753636 1325688785 348096191 755050108 150685676 2035882488 1198376649 1886706841 825461963 981767078 303569636 1599596960 697516720 127483115 638281067 1913871637 1314562508 889693386 1142951052 75776806 2061366157 150438241 1365558255 1370883722 820813010 1374070785 1110692722 96602603 1424525473 851672085 1053304273 1414418148 934586003 462606528 1016453499 673510421 1041807104 446366477 771196726 79188041 298145768 1582299275 1422926027 1507180587 1775987141 1605854229 1605518604 1182209347 1981281672 1256868690 337152370 2137165684 2035651558 996787157 1315318202 1190568931 1921681979 1229607047 200294210 1986291873 1215873086 355529768 1082937658 1920611228 1409536162 1313029023 524911477 750421456 536857249 1227332976 199442040 141759834 1060411535 1016074272 1825221983 781981425 1160929769 1484943130 1469967194 391407836 1706185198 1233390377 958737122 861537266 1598101478 853750002 351316630 1306737963 633212341 1328678521 868125748 598022917 51100386 686376776 1584452938 484299291 1684192005 
100
15636773 213855918 576927171 262652480 348999370 1478278311 367156090 1484772649 2047992255 187615094 381057235 1600452022 230511739 893808560 775803088 277362496 2066499331 182089794 819119878 1991250438 1120308676 988886608 756864547 1008079767 1704592390 630191934 676459146 2139450620 1877022436 1241247631 1343952432 1595173919 726461856 1131842962 1153846298 1260839151 1311527644 983557599 2015714562 180055263 250250155 512725200 1236409082 144267468 1971442680 522430024 1343388763 493746386 323849662 2036118060 1897699984 894896175 1774044574 460303659 1168572062 976724716 1432287977 360542654 1037318883 1995251779 1026421239 1786846034 1074145316 1289414244 339979731 302780804 932806220 1396339970 1782081967 1944429594 695464014 2028168180 424226043 304012608 946871600 1735312540 475800636 783724308 1328902389 652048097 1885373278 1557928734 1075335560 2022390918 231890609 1396656760 2133961848 1801728167 1679436405 1662109695 1497293020 1762888055 528261186 644796562 1510883969 1143685861 402920081 1790269487 1575741489 531226758 
100
1584608561 86032453 1265164419 1128420202 1774971758 1855418234 1696087916 1375225380 1921372685 529070007 203536180 921775570 141938181 258353109 1766032541 729809551 7451558 1298467052 804360796 2004330533 1626676098 841861425 1973754442 1380949770 320917778 1587084850 111200390 310795876 1311723529 433972551 2088101659 1347519015 843680748 131400852 1352304354 272031196 675383172 111091820 1430365947 2044309887 809874026 912707013 1729311023 625760422 848466265 524794652 1728414723 82294757 351603201 1586565497 745299827 1969037029 1992334291 1627298037 531820838 1609745493 994954463 1273169327 1030402543 1187921480 950577434 872325515 339144586 314323829 1123483418 1116109341 1712821385 1895907319 1486174025 528787522 396025465 657257027 546223969 1041979980 513285982 1021685450 521367764 1619785555 1366440181 996669344 1811860408 1814707501 15953413 1590485049 1658144491 1672261689 1986145135 1958697972 862240810 1166014661 1963248984 258222208 854739658 325316754 1352124587 28755349 577561432 115195400 1421359447 2127812441 
100
1913097035 1200867274 1412455829 1736263058 1511460248 1742657445 6282018 913041553 831049069 1946841130 1387845815 1008765821 424670609 1311140419 927319922 1695681802 1054673152 1836972425 1552125518 1158819381 1578971471 2003952648 414471609 1253641674 1852250344 131643037 1138879297 976366148 730179188 1049927462 434541927 1105246476 319889399 976514157 963201336 1740516259 401848089 1019345330 837785313 1431481365 1286265424 1432417033 707608038 1789747477 1665784931 2141466889 1742827554 850748981 1227656923 1574504680 2025154659 746126851 945010745 1882540852 1297030808 1515600020 1512995107 1140271000 231496670 46284116 726815222 1449179880 957606758 687506580 1101198215 669628974 2110924217 1324531009 1103275523 408399210 2050908031 370601821 1606308502 2026633604 905402428 2068413012 769328633 32114078 2008159742 944623254 1241455770 346616451 1335421323 1189357906 290855457 269068832 1661785939 779637505 899756429 1487860857 295197791 1599904399 1512793812 1743324610 1476545358 1564013233 116456570 1338926692 309900775 1994650352 
100
276808357 1680763944 1987550129 1506002382 1346272531 257551360 445814240 1193168118 2058451451 1999185872 507435486 581089396 783949011 814991426 1676085117 331967728 1301888275 207469761 1362863712 2040479144 1415184304 449596596 919538747 722628387 1021617593 1153931379 2117120912 1985966796 627342360 627675950 916666009 1267436164 1067702773 1624836694 1238160231 276282226 2075296295 1543123827 1628761324 1309021135 1265725900 237623174 2137584312 1103772561 1198431180 1007513568 1152670658 325335174 718754391 1130110467 905965343 962323729 1055952417 1593828949 1016284220 912920477 1360464710 363658244 371853937 822176603 402906463 57533770 889446028 1610589813 1321051232 860805752 1104560449 17498113 2114230076 1888037346 854143264 2105001736 2053738039 513050737 2146311391 2045222635 1063264640 376997564 1862912995 1465749757 2082722693 280794896 1706864860 1319707212 2091221918 1000062326 213809896 720303009 1863200730 619329608 842654326 2080222260 298693468 1723987158 2049986619 843956187 1770511473 864741632 1671197750 269751783 
100
452505649 268578855 618515270 307217528 1706153370 1513147881 156892552 1432505250 233474602 615076425 2020266349 1043309885 1080229034 1946742183 1880894351 332893787 842326148 2091339306 587359674 2861614 618228274 2030442132 1787982238 1731490908 117525573 254191384 628840700 527904001 726785191 304602210 938515628 785852646 1409433565 1113272046 1873712544 1621631263 832490556 290609443 135790277 2042505968 1467049484 470057232 860271454 1263088934 1326150414 78804987 2006675666 1912531838 1838593781 1042558667 221478323 252314514 887948166 1812373426 1094399702 1962317165 1851315970 1066134572 1729600028 2092772255 443020637 297267931 2108868879 147827737 1447851595 1426532946 1434517085 861803505 2139531595 29051761 1321018335 796688775 289877928 1909670425 1899279799 1548700932 1752105870 1401982547 309335639 1387157589 632488094 1173408166 1682780647 913463640 1932398320 1321056931 2129907607 325783800 394033933 216936241 154119428 1847303912 2086241532 393485203 1618765402 871619312 529720463 494313970 1295671061 1765499484 
100
1402257204 805932284 1133930832 2055578599 559677868 891493919 1422208615 1282337455 2094019595 1268754188 646239393 967748963 979684421 1142314956 2103407881 950876668 301169405 1874702151 316876400 843146006 1877457186 499517078 1776532793 1124551220 260949612 1805222584 1956138373 1800593837 476937786 1252938330 10775268 991414241 334438227 2101246160 475601647 1906258977 1813125140 375286721 625046897 1112669763 1766318587 141811065 1536246617 349741947 1185931834 2006542979 1724144698 63050962 154063769 435926992 1995409734 261262868 654801419 1852202210 843103327 1499728182 1590919233 114074917 622059938 1572528279 514703577 1850159721 1836198944 174118464 1503705746 1980187196 354151687 385905083 1614846930 6290743 1399472527 2118487065 194019417 1746234943 1628579134 697351571 371441508 389232211 1641579126 1640830386 521256960 1630629705 797914122 728282373 201285 367894440 1757859935 909941297 303437483 1986735792 1737661514 92714535 1705690418 642511235 1028122110 797578793 1128593949 978175398 1496450806 804727523 
100
1595425189 268261604 1445738514 633964913 747391005 1820789460 603249765 19783807 369546851 1788319032 934962593 1796020354 2118753373 949796600 1696140706 1057109984 892941502 1505937134 6941745 857378608 1447413015 1504831318 117485491 124642092 1404974318 205936005 294327987 1418027485 2094824815 1049380545 460183628 300387862 765849843 1828302279 2146414402 562460387 817861464 1107202176 120796436 384037068 1803064601 7685125 1622163127 1149560685 363443260 1096275447 546409342 941068510 704804594 2104516908 318191372 1996708189 1207089401 1745508765 98077164 1913136269 1564638318 1385116174 1599363316 1721955247 626390104 1721479125 1866233674 899837721 325424060 963830600 1986816950 61800793 1161126232 1156104151 2121041037 670845339 637604557 789894301 794818326 802870476 2114879957 1095632496 1939150587 1864963782 1751537020 2029161807 1909390715 1785718728 1479370943 1251750960 1011355668 1163355879 1941001590 2080375190 1393881371 934920810 283180599 2018968661 17761988 1038303955 192404112 310549453 1145534937 250403199 
100
1173345541 482212350 1974602597 1249979543 2041576743 350249127 1140866258 784241096 1582347385 375461516 775779220 1676354931 1776412146 622968569 1910594523 1936297053 1923519812 2000987922 1284132557 181091012 645762488 416621034 324051645 127967906 1575589905 211920415 1541187220 1999793595 790922987 2118926754 1637003668 2045762544 1451830649 1430662171 1942051475 1581732610 157695429 961860412 153115103 1297645118 1038357535 767041748 1813637925 1757834017 1347148978 834148132 1172511074 1808380060 113384420 2819183 1093688711 804885005 1263816111 1024828380 1461815076 779782880 1375129501 127970301 1642962640 1044881228 777646255 604134743 1599607183 1657911645 15528464 478290190 798524060 1297446631 2132298429 45321366 165952315 1253013052 419063546 180872648 966974037 404042970 545142339 542060347 1777882374 83551307 496383983 1127801486 630843453 790108861 895386007 327549197 832551290 2091338600 1763156805 1532698755 712331330 1352922032 993147199 275439093 2073189695 369560155 751424659 986903947 382417607 1609066507 
100
1779680665 958477581 161519376 1423449914 1821276663 1166659632 867743044 1337896042 1515901836 1752945140 1094809649 1627137114 484749132 1629787151 1383157996 620396594 1968953680 1458725816 1401051402 88022417 1325604069 243546081 1941286389 1691780908 1600958604 101185786 1853687292 1284120072 86207432 656191438 818675895 1192003045 957849517 86217859 340717418 1566022982 758813127 945627784 1083077925 734454459 1032871550 1879059646 1084901351 1242057546 359362418 867313697 935064497 1910923145 1643699565 291899945 1210071377 1045207828 1965957669 1176113769 1886503034 1380236524 1050342539 723958557 834493463 1105554278 470176731 2090437339 869931637 874192338 78583169 269156371 1039518536 927454223 1957527161 2094093939 300956144 797645935 1147201903 1819203840 575952878 1891397796 1551358048 2077940106 247299340 540099998 680765795 283151421 1990371487 218178056 466336295 1433023115 173758526 1406960229 1556632217 1450715431 2050190665 1380137204 797562683 8671608 2127076352 1609865233 1033438079 1523940187 1476504772 721197373 
