15
5
36 17 34 19 38
5
37 74 23 46 22
2 
1 3 
2 
13 9
5
11 9 27 81 14
10
408 743 889 746 869 28 695 347 451 51 
10
603 97 73 198 529 429 437 581 974 116 
10
710 877 633 329 293 885 800 177 228 319 
10
766 366 604 652 180 598 915 889 714 754 
10
537 152 528 984 192 212 253 942 385 925 
10
862 124 804 279 128 954 496 353 810 966 
10
720 835 616 855 230 970 128 247 728 198 
10
940 79 788 75 832 558 368 584 749 652 
10
436 466 939 208 802 139 519 640 412 58 
10
778 341 36 251 536 660 583 552 947 411 
