8
6
3 0 0 2 0 4
12
0 1 0 2 1 0 1 3 2 1 2 1
1000
69 80 66 53 72 14 14 100 32 80 56 60 26 87 98 21 39 48 81 36 49 58 40 28 97 63 61 48 88 58 33 79 25 25 18 89 90 80 40 22 71 45 30 82 24 20 30 85 26 64 19 42 59 55 11 87 11 1 92 21 68 23 86 38 21 14 12 65 89 36 10 46 62 59 97 40 54 89 64 36 76 17 9 72 99 29 18 91 61 47 77 85 78 27 7 30 72 50 8 100 93 31 13 67 1 88 31 28 32 62 20 13 35 36 31 92 48 20 78 76 67 31 88 94 38 2 16 18 89 50 70 30 0 93 3 12 49 34 57 98 62 27 26 74 51 23 33 57 27 6 81 27 65 90 61 33 14 96 45 85 18 78 91 2 52 50 69 46 93 19 23 69 61 20 20 7 33 95 33 49 74 46 96 43 80 36 73 67 10 50 7 61 86 33 56 65 26 43 37 1 24 23 51 87 99 25 37 24 54 89 32 54 24 90 29 18 14 96 17 67 89 76 58 17 92 79 85 30 87 96 53 66 37 27 41 2 36 72 97 68 43 100 40 13 45 35 84 11 50 32 29 0 97 56 62 12 67 58 74 9 31 17 26 57 87 53 30 0 27 51 72 42 85 29 34 83 67 28 14 95 61 21 26 5 86 22 74 73 65 36 23 78 14 95 51 82 8 23 83 73 11 86 99 30 64 51 33 20 47 23 23 100 49 21 52 87 45 37 67 67 97 62 36 37 24 75 40 11 99 23 59 60 15 44 58 88 70 70 67 58 17 85 41 73 75 100 56 1 59 80 63 9 99 88 58 75 5 73 100 31 58 8 77 24 1 17 4 29 81 82 5 81 90 80 5 35 52 20 60 6 27 50 78 37 56 46 84 69 30 91 80 68 93 18 59 6 98 91 18 27 39 49 0 33 100 12 97 60 65 2 34 83 78 45 46 93 82 32 51 56 93 82 29 84 90 19 7 43 99 5 64 99 3 59 3 66 96 69 10 77 54 84 41 61 87 53 26 82 70 10 4 77 50 75 64 14 41 53 5 35 74 41 82 59 93 87 39 47 82 67 8 89 56 91 74 99 28 95 52 36 65 48 82 18 93 40 37 93 99 29 69 86 29 66 71 100 18 62 60 56 30 60 2 66 38 92 12 5 26 11 78 37 60 1 64 32 46 20 72 44 52 29 27 37 15 29 65 59 77 47 19 91 91 36 81 1 73 65 39 56 15 16 11 16 45 55 65 32 70 76 3 79 5 17 18 95 95 89 67 30 93 56 33 93 39 28 81 51 75 14 11 53 42 83 62 54 86 91 35 44 17 36 33 20 49 69 4 11 68 96 38 12 67 10 71 99 31 21 57 60 68 90 44 33 77 86 59 84 44 100 42 82 47 98 41 10 48 38 94 44 87 7 82 83 82 8 53 7 99 24 54 74 77 86 29 40 46 71 74 25 47 37 34 4 73 27 97 56 95 55 25 10 25 3 25 80 23 27 9 52 90 30 82 26 83 42 18 69 83 34 42 28 86 55 69 24 88 8 39 68 5 21 70 4 84 100 3 83 94 69 76 47 91 13 10 29 27 80 33 59 88 33 79 19 37 73 90 17 93 66 27 83 31 49 0 85 99 43 78 73 25 20 1 32 12 37 67 59 34 53 100 34 57 50 33 30 90 56 3 19 11 12 29 93 29 84 32 19 70 100 65 94 25 82 4 31 60 16 76 83 64 71 38 0 19 47 47 40 65 68 10 27 79 4 14 20 16 44 72 99 62 32 3 62 99 70 19 92 5 7 68 35 61 34 96 49 53 49 88 86 77 83 70 49 80 80 68 20 54 80 79 85 57 40 34 38 15 46 47 90 6 72 62 28 49 46 93 83 21 91 14 68 85 76 50 16 91 38 62 77 81 60 32 75 74 77 42 76 67 96 93 89 90 40 49 70 67 64 89 33 73 80 24 99 53 5 43 3 2 16 54 59 80 14 48 19 51 84 38 36 50 99 82 52 1 8 56 93 73 34 30 83 33 51 67 96 36 85 18 63 30 29 56 70 53 94 0 81 12 37 76 22 13 59 61 82 18 50 67 13 26 49 82 99 23 1 83 89 40 50 52 14 29 33 52 8 45 97 38 76 48 68 59 13 44 8 18 74 19 25 91 100 5 31 41 63 51 13 17 47 77 3 91 45 74 52 76 60 73 94 36 15 49 98 57 26 86 14 71 52 35 67 72 39 66 66 0 77 51 100 2 83 11 58 15 51 97 61 19 64 
1000
79 64 97 0 51 71 85 10 90 13 66 75 78 26 45 54 84 4 58 46 21 96 94 24 94 1 32 13 0 61 34 68 82 29 90 16 24 65 40 81 36 4 52 16 9 56 70 28 70 13 73 27 47 79 75 50 66 55 14 57 66 71 73 78 81 41 52 69 99 79 43 13 12 83 43 90 80 0 92 97 4 63 28 94 77 14 42 34 36 83 29 77 65 88 83 94 49 14 93 49 2 75 26 42 91 60 1 83 66 85 60 15 61 86 70 82 70 89 0 95 35 90 61 23 85 59 37 64 88 48 65 64 86 34 52 82 98 51 23 5 88 0 72 5 6 36 77 46 47 69 6 51 45 45 27 33 53 18 73 83 62 67 48 63 71 4 92 3 58 80 53 71 70 60 13 62 72 71 14 83 83 62 11 7 93 9 78 48 81 79 63 26 6 69 74 99 29 12 2 37 37 35 9 26 74 25 15 46 52 33 2 20 37 9 94 57 24 62 71 55 12 46 95 2 30 98 43 13 42 79 71 73 67 27 3 20 100 68 40 89 13 89 46 82 60 71 57 83 69 72 76 73 7 77 75 3 6 25 99 55 36 52 77 56 35 33 66 35 32 100 99 57 47 81 90 52 88 53 92 82 32 22 56 8 59 30 7 68 88 94 28 94 45 64 71 67 60 27 84 64 70 63 95 82 87 33 95 4 37 28 24 88 34 78 74 57 74 48 9 8 79 27 93 66 0 46 71 79 50 15 15 79 75 44 60 39 52 69 30 69 30 79 76 71 47 73 78 60 56 52 26 61 42 7 74 99 35 65 24 39 93 85 34 13 17 0 24 79 13 52 30 13 78 17 62 2 40 84 90 74 11 49 15 20 69 65 15 58 81 100 95 61 75 44 92 89 20 71 88 29 47 94 57 78 0 75 3 45 86 87 88 83 44 0 19 33 58 5 3 95 90 3 65 37 63 7 31 91 51 98 44 49 99 67 69 41 41 74 23 7 14 18 94 31 10 26 16 47 58 78 33 55 73 59 44 74 91 58 35 74 98 40 30 16 22 42 4 91 55 85 36 22 29 17 24 54 25 98 44 52 13 36 55 27 67 44 8 72 0 41 85 16 68 19 62 97 46 41 87 80 77 86 81 61 60 16 74 52 74 92 95 99 59 70 43 84 83 8 2 32 90 87 91 65 96 95 90 75 79 24 4 19 79 0 100 47 49 81 57 85 53 12 52 39 61 28 53 23 12 51 34 20 20 74 77 66 36 91 6 20 79 85 47 30 36 84 21 2 100 59 20 76 76 42 94 97 97 31 21 1 63 69 73 44 85 22 84 22 29 39 11 63 63 72 73 37 2 62 65 57 67 14 61 61 76 61 3 8 72 65 49 18 82 12 85 50 47 67 75 35 12 38 40 3 53 75 53 6 69 55 94 9 86 10 47 96 26 43 77 22 30 27 58 10 33 17 44 56 58 85 75 54 14 33 59 96 32 44 15 59 31 91 42 39 14 88 14 73 25 30 51 70 33 31 90 11 87 49 24 93 15 78 97 10 54 16 89 25 44 38 66 60 21 29 32 24 5 36 42 93 12 87 91 34 18 85 7 69 6 6 71 10 47 64 20 5 39 8 49 58 48 24 33 97 72 74 83 70 41 76 63 89 58 6 23 64 71 46 42 98 59 9 2 31 87 27 68 76 100 92 47 74 86 83 98 57 96 0 38 27 94 94 70 6 90 33 11 0 65 74 65 85 41 89 100 40 84 33 18 50 67 25 89 17 34 39 9 40 74 10 0 99 60 16 18 34 6 83 58 36 94 1 1 38 65 62 5 95 85 25 98 53 45 13 48 38 82 20 72 27 51 26 8 10 1 53 94 4 93 75 76 84 5 21 20 53 38 17 73 24 26 13 36 19 64 58 7 6 61 47 40 29 29 96 26 72 54 36 30 11 10 93 1 56 34 68 17 2 96 47 81 58 78 65 31 59 89 31 82 82 18 51 85 97 48 38 87 12 5 48 16 56 92 89 73 90 44 0 9 65 92 53 55 73 54 66 51 73 71 12 32 74 99 36 5 95 46 13 84 38 40 40 75 7 46 96 66 5 9 19 13 42 31 55 5 5 70 65 79 43 54 36 16 71 10 89 11 27 28 65 56 31 79 76 12 52 77 81 35 21 89 82 34 25 11 10 53 55 48 21 14 20 34 5 85 27 61 94 55 87 34 63 67 65 17 13 8 39 62 16 68 34 79 99 66 50 70 55 10 43 
100
0 30 3 17 27 40 77 79 44 63 79 65 6 24 24 58 64 55 38 62 10 71 73 6 61 30 28 22 15 34 36 29 14 75 23 56 16 47 73 49 60 63 4 64 22 75 29 79 6 35 0 15 25 41 17 23 76 18 3 58 7 22 28 30 42 58 6 35 45 7 78 4 13 77 60 59 80 19 12 32 50 19 26 71 24 47 54 16 67 45 51 79 61 15 21 21 8 13 27 47 
100
5 40 77 24 58 6 74 9 16 55 51 24 26 22 35 53 3 39 6 44 68 20 16 43 39 53 49 45 18 36 39 33 73 26 35 21 29 27 35 22 9 37 36 19 38 35 72 19 56 10 14 32 31 12 4 35 75 45 33 33 20 30 12 54 49 40 61 27 19 69 78 49 66 36 31 68 40 61 2 23 20 63 18 54 80 1 67 36 54 20 26 27 76 54 46 75 8 2 8 76 
100
0 31 29 39 34 4 65 1 8 41 9 33 45 18 80 47 64 10 52 80 26 21 29 72 3 61 16 36 68 66 9 37 46 35 58 47 42 19 26 50 30 61 46 37 33 80 29 71 36 12 51 20 45 30 26 35 6 34 52 62 15 12 13 70 3 24 32 0 1 25 74 28 64 20 36 44 49 80 26 2 9 25 16 69 33 13 40 71 20 56 16 64 1 23 13 73 67 10 27 33 
100
35 45 48 14 55 50 46 46 40 37 9 11 3 69 48 1 55 19 57 6 48 50 49 46 15 60 77 18 11 47 9 30 24 18 38 6 8 27 32 69 72 34 49 67 53 80 73 68 13 28 49 77 17 38 40 56 25 7 44 57 11 13 41 18 22 62 14 15 76 8 35 71 6 54 29 32 40 8 51 49 37 64 74 5 42 78 47 1 69 10 67 54 31 69 8 34 21 8 52 59 

