3
6
1 3 0 5 8 5
2 4 6 7 9 9
100
68 37 25 54 58 94 19 21 88 8 49 96 27 28 99 59 72 26 66 83 67 65 80 7 13 44 47 74 86 17 31 64 63 5 42 39 75 92 56 34 61 52 98 43 18 87 90 48 70 16 12 82 36 77 78 79 29 50 23 73 41 32 11 40 100 4 10 91 89 84 71 69 97 46 33 55 57 81 38 3 76 95 35 30 2 14 15 22 51 1 45 20 60 6 62 9 85 53 93 24 
43 65 83 75 23 93 33 22 11 12 87 28 91 51 49 38 58 14 46 85 37 79 69 5 47 20 1 41 90 50 45 78 36 2 95 18 67 54 62 71 52 64 86 8 29 89 21 99 84 76 56 24 81 53 73 57 61 31 17 63 80 72 34 40 27 96 68 92 19 44 42 98 4 7 32 6 60 97 94 35 77 70 30 26 82 48 88 74 100 13 15 9 55 66 16 39 25 10 3 59 
6
1 3 5 7 9 11
2 4 6 8 10 12
