6
12
5 15 1 3 2 8 7 9 10 6 11 4
100
37 21 190 94 4 187 179 88 69 169 44 173 43 147 6 18 167 123 20 133 154 161 26 171 151 23 42 188 48 155 156 29 114 77 139 176 130 62 113 124 98 36 78 68 194 142 34 107 35 17 178 137 112 32 27 39 75 119 13 189 172 1 145 193 111 24 158 150 143 96 71 87 103 76 86 28 22 117 140 72 129 128 91 152 174 134 166 160 186 25 5 12 180 93 132 84 83 148 95 104 
100
19 181 48 138 81 2 161 156 120 168 98 4 91 183 82 195 101 190 14 117 118 172 196 149 5 90 1 59 187 135 160 103 22 150 87 188 175 46 132 142 39 191 189 64 84 31 70 165 171 8 18 164 122 30 162 9 102 121 123 125 6 96 148 112 147 104 177 50 116 3 146 61 78 51 33 54 124 184 114 137 36 95 97 77 129 69 92 200 134 109 141 107 53 43 128 24 74 27 40 57 
100
172 194 3 141 138 139 83 114 82 52 148 11 162 107 198 71 34 66 166 30 12 191 26 173 192 85 62 60 163 143 42 153 38 35 9 161 81 40 6 131 10 1 73 92 84 180 50 93 76 16 159 21 145 51 63 37 77 160 96 177 132 2 80 56 109 5 171 68 98 27 87 123 137 157 179 75 147 181 78 61 64 19 55 119 88 65 175 103 69 125 126 72 155 124 99 200 142 20 121 122 
100
10 83 84 132 162 143 160 91 37 184 55 15 164 92 53 9 146 172 169 43 109 12 27 190 71 104 46 33 22 189 107 24 175 26 170 35 183 117 19 73 120 65 171 88 98 60 193 165 177 134 96 11 39 18 25 181 173 155 154 93 66 32 20 47 156 87 127 59 13 179 16 119 188 115 17 82 185 112 81 38 86 76 139 80 90 56 70 44 30 102 58 145 54 67 113 36 77 118 124 45 
100
56 130 98 123 114 90 135 92 5 173 68 97 55 7 86 70 91 10 54 117 78 197 74 72 116 95 133 186 67 187 159 143 138 30 170 157 113 69 64 45 195 80 164 183 196 161 151 33 58 60 94 119 150 50 184 148 77 163 8 176 177 102 15 172 11 27 9 85 128 87 179 57 99 162 12 181 104 107 44 199 48 81 34 2 180 137 101 158 149 18 174 47 42 41 17 109 121 166 134 25 
