7
7
1 0 0 1 0 1 1
4
1 1 1 1
5
0 0 1 1 0
100
0 1 0 1 0 0 0 0 0 0 1 0 1 1 1 0 1 1 1 0 1 0 0 0 0 0 0 1 0 1 1 1 0 1 0 1 0 1 0 0 1 0 0 1 1 1 1 1 1 0 1 1 1 1 0 1 1 1 1 1 0 0 0 0 0 0 1 1 0 0 1 0 1 1 1 1 0 1 0 0 1 1 1 0 0 1 0 0 1 1 0 0 1 1 0 1 0 0 0 0 
100
1 1 1 1 1 1 1 0 0 1 1 0 1 1 1 0 0 0 1 1 1 0 0 0 1 0 0 1 0 0 1 1 1 0 1 0 0 0 1 0 1 0 1 1 0 0 1 1 1 0 1 1 0 0 1 1 0 1 1 0 0 1 0 0 0 1 1 0 1 0 0 1 1 0 0 0 1 0 1 1 0 1 0 1 1 1 0 1 0 0 1 0 0 0 1 0 1 0 0 1 
100
0 1 1 1 0 0 1 1 1 1 1 1 1 1 1 1 1 0 0 0 0 0 0 0 1 1 0 0 0 1 1 1 1 1 0 1 0 1 1 0 1 1 0 1 0 1 0 0 1 0 0 0 1 1 1 1 1 0 1 1 1 0 1 1 1 1 0 1 0 0 1 1 0 0 0 1 1 0 1 1 0 1 1 0 1 1 0 0 0 0 0 0 1 0 0 0 0 0 1 0 
100
0 0 1 0 1 1 0 0 1 0 1 0 1 0 0 0 1 1 0 1 0 1 1 1 1 0 0 0 1 0 0 1 0 1 1 0 0 1 0 0 0 0 1 0 1 1 1 0 1 1 1 0 1 0 0 1 0 0 1 1 1 1 1 0 1 1 0 0 1 1 0 1 0 0 0 0 0 1 0 0 1 1 1 0 0 0 0 1 0 0 1 0 0 1 1 0 0 1 0 0 
