5
4 5
1 2 -1 -4 -20
-8 -3 4 2 1
3 8 10 1 3
-4 -1 1 7 -6
10 10
6 -4 36 31 34 35 29 32 39 -1 
28 -10 20 -4 -3 -1 35 26 20 -2 
-3 19 34 23 34 25 -4 -7 7 2 
0 -8 5 23 20 13 8 28 22 -9 
13 -6 11 -5 3 34 18 9 15 -3 
36 10 15 17 -7 1 27 1 -7 32 
32 38 3 40 21 29 25 2 20 -9 
8 16 20 13 -3 -9 -6 0 38 9 
19 3 29 31 11 17 -7 7 13 22 
-4 -4 -10 22 0 40 27 40 28 26 
10 10
31 15 -9 11 14 21 26 25 18 36 
6 3 9 21 21 0 -4 30 -9 16 
32 18 20 -5 4 35 35 6 32 10 
40 25 11 6 -3 -2 40 19 1 27 
34 -8 19 37 36 -7 20 -3 34 13 
-6 6 36 38 26 35 17 19 4 0 
6 12 22 31 38 7 7 13 5 19 
21 3 12 22 -4 20 8 38 8 13 
-3 8 35 6 38 33 -2 27 29 23 
6 7 39 -3 14 4 25 34 33 1 
10 10
-10 7 -9 -3 14 22 40 -5 10 -8 
13 7 10 -4 6 24 -4 26 39 27 
12 7 21 19 15 30 13 -8 -1 5 
-8 37 -10 21 6 15 24 0 38 35 
39 -5 39 7 28 38 27 -5 37 37 
-5 37 -3 -8 6 28 -2 -7 6 -5 
22 6 23 -9 33 7 3 12 24 8 
18 2 30 18 37 4 11 2 33 -7 
35 30 -6 0 33 11 14 33 19 7 
34 -7 30 -2 -9 -1 18 39 33 2 
10 10
-10 33 17 2 20 7 8 33 18 -9 
8 22 7 -5 32 -10 16 15 12 10 
8 15 28 36 20 1 13 39 26 28 
27 -1 21 25 0 26 39 7 30 35 
28 2 -7 10 38 -8 -2 28 -3 14 
5 8 18 18 25 -2 15 -5 34 31 
20 31 -1 -2 10 22 29 12 37 35 
-7 26 27 0 5 -1 -1 -7 4 29 
37 15 -10 38 15 11 14 -3 17 -9 
-3 -5 28 6 -3 4 32 -2 2 22 

