7
4
11 13 21 3
5
11 9 13 21 3
100
4196 265 9923 6494 5170 5446 5608 2187 4908 7955 3736 553 9799 1261 6147 9612 5966 3139 6010 6830 3944 2756 8555 5632 6785 3728 2611 757 2010 9700 6295 9396 91 6982 188 6571 7525 692 8963 2999 321 3350 4815 1359 7580 1930 1577 2835 732 4704 2660 3375 6325 2629 2698 8835 5154 5327 3207 3637 2078 2483 1313 4123 6752 5811 7750 5448 9293 5393 1307 2097 3562 9323 8884 4873 3751 3961 6447 1250 1073 6377 8574 1000 870 2503 5064 9956 8589 6759 8836 7146 9632 365 9939 599 3759 2161 6767 7407 
100
9248 716 5201 2334 1895 7974 7376 9161 6112 7417 2469 6844 9739 3441 7720 3167 4507 6834 2267 1623 2292 759 8012 6915 3809 9904 9131 4079 4838 1522 4420 9205 6037 9537 2620 9695 453 2543 5719 7339 2369 2362 4943 5269 2641 8265 8440 3175 2230 8296 9264 3955 6676 2467 2732 3234 4870 4754 4384 8471 4118 6081 9909 971 297 3960 465 6142 9395 1426 8553 5555 9228 7340 1982 5690 6879 3286 7009 2176 151 1573 1870 6536 8675 1138 5844 4480 1843 9108 7339 1672 8123 4231 8807 7952 4059 7991 7979 6855 
100
2434 952 4557 8514 1522 5178 6212 7228 1357 4181 6159 5879 3561 4996 8068 9054 393 8204 833 1687 36 7621 3631 9521 8689 2825 6340 2448 3475 6675 2288 2599 1609 4468 972 5023 5348 2723 7987 5994 2683 4966 7202 6217 5558 6296 4642 5223 9977 1607 6730 1297 9839 1926 6992 8065 9563 1240 2146 4965 2166 7972 337 1769 9136 4000 5494 9609 7905 9842 9297 9567 5224 6274 3621 4098 4842 8546 1837 1033 7747 2079 1892 5276 5029 1987 9642 8595 2221 5786 1294 5968 7222 5745 9043 640 3863 8328 6092 1382 
100
8799 4174 7717 1049 6513 268 3958 2611 4744 7414 7680 2635 3037 4687 3894 5144 1454 3880 6653 6607 4427 6651 5262 9185 2445 2326 2537 586 4943 7571 5913 2769 3530 1495 1860 849 5119 1485 4210 1042 8973 4173 7103 5192 6101 7055 3369 8177 1887 9894 5026 5231 9462 4533 7712 8440 2534 3036 8244 213 5986 3327 5498 1894 163 5435 885 7623 5379 6965 3413 4632 3727 2775 3722 5407 7103 9508 8047 7022 776 8660 2930 7493 628 8080 220 7352 5191 6995 2261 7550 9872 7963 7057 4078 770 6669 3588 2240 
100
2007 9523 6716 1438 7773 3738 2830 6134 1207 1648 3929 7027 8983 8846 78 1124 8026 4319 5358 5126 767 8897 3074 4757 6791 3798 5191 4919 1998 2230 1138 5421 6723 90 7849 1615 8651 908 7858 9755 3728 8312 3890 3612 3198 1795 9034 4385 1777 3857 3665 4868 9643 7506 7423 4826 6409 9117 7078 325 7916 1970 5864 4047 2661 7513 1523 7178 554 1039 1961 9419 6487 3885 3131 9815 2981 8031 739 620 6758 1134 9388 8298 1590 661 798 7153 972 9431 4917 8714 2771 4303 619 6995 3324 9020 2282 4231 
