10
4 2
12 34 67 90
6 3
12 34 55 67 90 95
6 3
12 14 16 40 90 95
100 5
13 27 40 62 64 72 77 86 106 146 149 150 152 154 168 171 177 181 186 199 201 205 213 229 248 261 269 270 272 299 301 304 310 334 338 343 347 367 379 392 395 397 415 426 436 440 449 472 479 486 489 509 512 524 532 538 543 552 557 559 561 563 590 596 606 612 613 633 636 643 656 660 669 699 706 707 709 726 747 758 763 769 771 797 804 840 847 850 864 876 882 913 934 940 954 956 960 987 991 996 
100 10
13 27 40 62 64 72 77 86 106 146 149 150 152 154 168 171 177 181 186 199 201 205 213 229 248 261 269 270 272 299 301 304 310 334 338 343 347 367 379 392 395 397 415 426 436 440 449 472 479 486 489 509 512 524 532 538 543 552 557 559 561 563 590 596 606 612 613 633 636 643 656 660 669 699 706 707 709 726 747 758 763 769 771 797 804 840 847 850 864 876 882 913 934 940 954 956 960 987 991 996 
100 12
13 27 40 62 64 72 77 86 106 146 149 150 152 154 168 171 177 181 186 199 201 205 213 229 248 261 269 270 272 299 301 304 310 334 338 343 347 367 379 392 395 397 415 426 436 440 449 472 479 486 489 509 512 524 532 538 543 552 557 559 561 563 590 596 606 612 613 633 636 643 656 660 669 699 706 707 709 726 747 758 763 769 771 797 804 840 847 850 864 876 882 913 934 940 954 956 960 987 991 996 
100 15
13 27 40 62 64 72 77 86 106 146 149 150 152 154 168 171 177 181 186 199 201 205 213 229 248 261 269 270 272 299 301 304 310 334 338 343 347 367 379 392 395 397 415 426 436 440 449 472 479 486 489 509 512 524 532 538 543 552 557 559 561 563 590 596 606 612 613 633 636 643 656 660 669 699 706 707 709 726 747 758 763 769 771 797 804 840 847 850 864 876 882 913 934 940 954 956 960 987 991 996 
100 18
13 27 40 62 64 72 77 86 106 146 149 150 152 154 168 171 177 181 186 199 201 205 213 229 248 261 269 270 272 299 301 304 310 334 338 343 347 367 379 392 395 397 415 426 436 440 449 472 479 486 489 509 512 524 532 538 543 552 557 559 561 563 590 596 606 612 613 633 636 643 656 660 669 699 706 707 709 726 747 758 763 769 771 797 804 840 847 850 864 876 882 913 934 940 954 956 960 987 991 996 
100 20
13 27 40 62 64 72 77 86 106 146 149 150 152 154 168 171 177 181 186 199 201 205 213 229 248 261 269 270 272 299 301 304 310 334 338 343 347 367 379 392 395 397 415 426 436 440 449 472 479 486 489 509 512 524 532 538 543 552 557 559 561 563 590 596 606 612 613 633 636 643 656 660 669 699 706 707 709 726 747 758 763 769 771 797 804 840 847 850 864 876 882 913 934 940 954 956 960 987 991 996 
100 25
13 27 40 62 64 72 77 86 106 146 149 150 152 154 168 171 177 181 186 199 201 205 213 229 248 261 269 270 272 299 301 304 310 334 338 343 347 367 379 392 395 397 415 426 436 440 449 472 479 486 489 509 512 524 532 538 543 552 557 559 561 563 590 596 606 612 613 633 636 643 656 660 669 699 706 707 709 726 747 758 763 769 771 797 804 840 847 850 864 876 882 913 934 940 954 956 960 987 991 996 