20
2
2 3
3
2 3 1
4
2 4 3 1
10
20 17 10 8 7 7 8 5 19 15
9
15 15 15 15 1 15 15 15 15
8
16 10 8 7 6 8 12 14
6
1 2 3 4 5 6
10
15 19 5 8 7 7 8 10 20 17
8
10 12 8 6 7 8 16 14
20
15 19 5 8 7 7 8 10 17 20 15 19 5 8 7 7 8 10 17 20
20
20 17 10 8 7 7 8 5 15 19 20 17 10 8 7 7 8 5 15 19
20
17 10 8 7 7 8 5 15 5 7 9 10 8 7 7 8 5 15 20 19
40
15 19 5 8 7 15 19 5 8 7 15 19 5 8 7 15 19 5 8 7 7 8 10 20 17 7 8 10 20 17 7 8 10 20 17 7 8 10 20 17
40
17 10 8 7 7 8 5 15 5 7 17 10 8 7 7 8 5 15 5 7 9 10 8 7 7 8 5 15 20 19 9 10 8 7 7 8 5 15 20 19
60
20 17 10 8 7 7 8 5 15 19 20 17 10 8 7 7 8 5 15 19 20 17 10 8 7 7 8 5 15 19 20 17 10 8 7 7 8 5 15 19 20 17 10 8 7 7 8 5 15 19 20 17 10 8 7 7 8 5 15 19
80
15 19 5 8 7 15 19 5 8 7 15 19 5 8 7 15 19 5 8 7 40 15 19 5 8 7 15 19 5 8 7 15 19 5 8 7 15 19 5 8 7 7 8 10 20 17 7 8 10 20 17 7 8 10 20 17 7 8 10 20 17 7 8 10 20 17 7 8 10 20 17 7 8 10 20 17 7 8 10 20 17
80
17 10 8 7 7 8 5 15 5 7 17 10 8 7 7 8 5 15 5 7 40 17 10 8 7 7 8 5 15 5 7 17 10 8 7 7 8 5 15 5 7 9 10 8 7 7 8 5 15 20 19 9 10 8 7 7 8 5 15 20 19 9 10 8 7 7 8 5 15 20 19 9 10 8 7 7 8 5 15 20 19
100
15 19 5 8 7 15 19 5 8 7 15 19 5 8 7 15 19 5 8 7 40 15 19 5 8 7 15 19 5 8 7 15 19 5 8 7 15 19 5 8 15 19 5 8 7 15 19 5 8 7 7 8 10 20 17 7 8 10 20 17 7 7 8 10 20 17 7 8 10 20 17 7 8 10 20 17 7 8 10 20 17 7 8 10 20 17 7 8 10 20 17 7 8 10 20 17 7 8 10 20 17
100
20 17 10 8 7 7 8 5 15 5 7 20 17 10 8 7 7 8 5 15 5 7 20 17 10 8 7 7 8 5 15 5 7 20 17 10 8 7 7 8 5 15 5 7 20 17 10 8 7 7 8 5 15 5 7 9 10 8 7 7 8 5 15 20 19 9 10 8 7 7 8 5 15 20 19 9 10 8 7 7 8 5 15 20 19 9 10 8 7 7 8 5 15 20 19 9 10 8 7 7 8 5 15 20 19
100
20 17 10 8 7 7 8 5 15 19 20 20 17 10 8 7 7 8 5 15 19 20 20 17 10 8 7 7 8 5 15 19 20 20 17 10 8 7 7 8 5 15 19 20 20 17 10 8 7 7 8 5 15 19 20 17 10 8 7 7 8 5 15 19 20 17 10 8 7 7 8 5 15 19 20 17 10 8 7 7 8 5 15 19 20 17 10 8 7 7 8 5 15 19 20 17 10 8 7 7 8 5 15 19